0 33 29 27 28 27 9 22 25 30 
33 0 31 7 9 45 31 32 12 23 
29 31 0 25 34 17 20 7 34 9 
27 7 25 0 9 38 24 25 11 18 
28 9 34 9 0 45 28 33 3 27 
27 45 17 38 45 0 19 13 44 25 
9 31 20 24 28 19 0 13 26 22 
22 32 7 25 33 13 13 0 32 13 
25 12 34 11 3 44 26 32 0 28 
30 23 9 18 27 25 22 13 28 0 
