0 5 24.0416 29.9666 61.0574 47.0956 29.4279 32.7567 38.2753 52.811 49.0918 45 39.0512 41.0122 33.5261 43.0116 46.8722 32.249 35.9026 66.2118 47.0106 35.805 28.6007 12.2066 16.6433 29.0689 34.2053 22.8254 17.4642 4.47214 
5 0 27.8029 34.5398 63.8201 47.0425 29 32.0624 36.8782 51.4198 46.5296 42.19 36.0555 37.6431 28.7924 38.2753 41.9762 27.2947 31.0483 61.7171 44.1022 33.121 24.7588 10.198 14.5602 29.8329 35.8469 25.6125 19.2354 8.06226 
24.0416 27.8029 0 10.7703 38.0789 36.0555 25.0599 28.3019 35.5106 47.3814 50.1199 47.927 43.9659 47.5395 49.4975 58.1378 63.5059 53.3104 57.6975 89.1852 70.9366 59.6657 52.4976 36.1248 40.4599 48.3839 50.636 37.4833 36.4006 25.807 
29.9666 34.5398 10.7703 0 39.3192 45.3431 35.7771 38.9487 46.1411 57.4891 60.8276 58.6941 54.7083 58.2409 59.0762 68 73.1095 61.4003 65.4599 96.1769 75.0733 63.7809 58.3095 41.0488 45 48.8774 49.3964 36.6742 37.8021 30.2324 
61.0574 63.8201 38.0789 39.3192 0 35.3553 43.566 43.8292 47.7598 49.0408 60.0167 61.131 61.0983 65.192 76.5506 82.7647 89.0674 85.0412 89.9389 121.918 107.898 96.7988 88.2383 73.2462 77.6981 86.3771 88.0568 75 74.4648 63.5295 
47.0956 47.0425 36.0555 45.3431 35.3553 0 18.1108 15.5242 14.8661 14.3178 24.7386 26.4008 27.8029 31.6228 47.0106 50.9902 57.3847 58.6686 63.6318 94.2019 87.9318 78.1025 67.0522 57.1402 61.2944 76.1643 80.895 68.4471 64.3817 51.2445 
29.4279 29 25.0599 35.7771 43.566 18.1108 0 3.60555 10.6301 24.1868 25.0599 23.0868 20.025 24 33.0151 39.3954 45.618 42.638 47.634 79.2086 70.2282 60.1664 49.3964 39.0512 43.1856 58.4209 63.561 51.5461 46.8722 33.7343 
32.7567 32.0624 28.3019 38.9487 43.8292 15.5242 3.60555 0 7.2111 20.5913 21.9317 20.3961 18.1108 22.2036 33.3017 38.9487 45.2769 43.8292 48.8262 80.0562 72.4224 62.5859 51.5461 42 46.0435 61.6604 66.9403 55.0273 50.2195 37.108 
38.2753 36.8782 35.5106 46.1411 47.7598 14.8661 10.6301 7.2111 0 14.5602 14.8661 14 13.4164 17.4642 32.2025 36.2353 42.638 44.2832 49.1935 79.404 74.7329 65.4905 53.9351 46.3897 50.1597 66.7083 72.4224 60.9262 55.6597 42.72 
52.811 51.4198 47.3814 57.4891 49.0408 14.3178 24.1868 20.5913 14.5602 0 13.4536 17.2047 21.5407 24.1868 42.72 44.1022 50.2195 56.0446 60.7289 89.0674 87.8237 79.1012 67.2681 60.8276 64.4981 81.2527 86.977 75.3923 70.214 57.2451 
49.0918 46.5296 50.1199 60.8276 60.0167 24.7386 25.0599 21.9317 14.8661 13.4536 0 5 11.1803 12.1655 31.4006 31.305 37.2156 45.2769 49.6488 76.4853 78.0256 70.2567 58.1378 54.7814 57.8705 75.7694 82.2922 71.8679 65.7647 53.535 
45 42.19 47.927 58.6941 61.131 26.4008 23.0868 20.3961 14 17.2047 5 0 6.32456 7.28011 26.4764 26.9258 33.0151 40.3113 44.7214 72.0069 73.0274 65.2763 53.1507 50.1597 53.1413 71.1758 77.8267 67.6757 61.4003 49.4065 
39.0512 36.0555 43.9659 54.7083 61.0983 27.8029 20.025 18.1108 13.4164 21.5407 11.1803 6.32456 0 4.12311 21.1896 23.3452 29.6985 34.7131 39.2938 67.7422 67.1193 59.1354 47.0425 43.8634 46.8188 64.8845 71.5891 61.6117 55.2268 43.4166 
41.0122 37.6431 47.5395 58.2409 65.192 31.6228 24 22.2036 17.4642 24.1868 12.1655 7.28011 4.12311 0 19.2354 20 26.2488 33.1361 37.4833 64.8845 66 58.5491 46.3897 44.7772 47.4236 65.7647 72.7186 63.2535 56.6127 45.2769 
33.5261 28.7924 49.4975 59.0762 76.5506 47.0106 33.0151 33.3017 32.2025 42.72 31.4006 26.4764 21.1896 19.2354 0 9.48683 14.0357 14 18.2483 47.2017 47.0956 40.5216 28.4605 32.0156 33.2415 51.7397 59.4138 52.4309 45 36.7696 
43.0116 38.2753 58.1378 68 82.7647 50.9902 39.3954 38.9487 36.2353 44.1022 31.305 26.9258 23.3452 20 9.48683 0 6.40312 19.2354 21.8403 45.1885 51.4198 46.5188 34.9857 41.0488 41.8688 60.1082 67.9412 61.5873 54.0833 46.2385 
46.8722 41.9762 63.5059 73.1095 89.0674 57.3847 45.618 45.2769 42.638 50.2195 37.2156 33.0151 29.6985 26.2488 14.0357 6.40312 0 19.105 20.2485 39.5601 49.0408 45.4863 34.7131 43.382 43.566 61.2209 69.2026 63.9531 56.356 49.7293 
32.249 27.2947 53.3104 61.4003 85.0412 58.6686 42.638 43.8292 44.2832 56.0446 45.2769 40.3113 34.7131 33.1361 14 19.2354 19.105 0 5 36.8782 33.1361 27.313 15.8114 25.7099 25.0799 42.2019 50.2195 45.8803 38.2753 34 
35.9026 31.0483 57.6975 65.4599 89.9389 63.6318 47.634 48.8262 49.1935 60.7289 49.6488 44.7214 39.2938 37.4833 18.2483 21.8403 20.2485 5 0 32.0156 29.6142 25.2389 15 28.0713 26.6833 42.5441 50.6063 47.5395 40.025 37.2156 
66.2118 61.7171 89.1852 96.1769 121.918 94.2019 79.2086 80.0562 79.404 89.0674 76.4853 72.0069 67.7422 64.8845 47.2017 45.1885 39.5601 36.8782 32.0156 0 32.28 39.0128 38.6005 55.9732 52.8867 62.0081 69.1809 71.4493 64.9384 66.4831 
47.0106 44.1022 70.9366 75.0733 107.898 87.9318 70.2282 72.4224 74.7329 87.8237 78.0256 73.0274 67.1193 66 47.0956 51.4198 49.0408 33.1361 29.6142 32.28 0 11.3137 20.8806 34.8281 30.4795 32.0156 38.2099 43.4626 38.5876 45.2769 
35.805 33.121 59.6657 63.7809 96.7988 78.1025 60.1664 62.5859 65.4905 79.1012 70.2567 65.2763 59.1354 58.5491 40.5216 46.5188 45.4863 27.313 25.2389 39.0128 11.3137 0 12.1655 23.6008 19.2094 23 30.2655 33.2415 27.7308 33.9706 
28.6007 24.7588 52.4976 58.3095 88.2383 67.0522 49.3964 51.5461 53.9351 67.2681 58.1378 53.1507 47.0425 46.3897 28.4605 34.9857 34.7131 15.8114 15 38.6005 20.8806 12.1655 0 17.4642 14.3178 27.7308 35.7771 34.1321 27 28.178 
12.2066 10.198 36.1248 41.0488 73.2462 57.1402 39.0512 42 46.3897 60.8276 54.7814 50.1597 43.8634 44.7772 32.0156 41.0488 43.382 25.7099 28.0713 55.9732 34.8281 23.6008 17.4642 0 4.47214 21.0238 28.0179 20.5913 13.0384 10.8167 
16.6433 14.5602 40.4599 45 77.6981 61.2944 43.1856 46.0435 50.1597 64.4981 57.8705 53.1413 46.8188 47.4236 33.2415 41.8688 43.566 25.0799 26.6833 52.8867 30.4795 19.2094 14.3178 4.47214 0 18.6011 26.1725 20.8806 13.3417 14.8661 
29.0689 29.8329 48.3839 48.8774 86.3771 76.1643 58.4209 61.6604 66.7083 81.2527 75.7694 71.1758 64.8845 65.7647 51.7397 60.1082 61.2209 42.2019 42.5441 62.0081 32.0156 23 27.7308 21.0238 18.6011 0 8.06226 12.7279 12.1655 25 
34.2053 35.8469 50.636 49.3964 88.0568 80.895 63.561 66.9403 72.4224 86.977 82.2922 77.8267 71.5891 72.7186 59.4138 67.9412 69.2026 50.2195 50.6063 69.1809 38.2099 30.2655 35.7771 28.0179 26.1725 8.06226 0 13.1529 16.7631 29.8329 
22.8254 25.6125 37.4833 36.6742 75 68.4471 51.5461 55.0273 60.9262 75.3923 71.8679 67.6757 61.6117 63.2535 52.4309 61.5873 63.9531 45.8803 47.5395 71.4493 43.4626 33.2415 34.1321 20.5913 20.8806 12.7279 13.1529 0 7.61577 18.3576 
17.4642 19.2354 36.4006 37.8021 74.4648 64.3817 46.8722 50.2195 55.6597 70.214 65.7647 61.4003 55.2268 56.6127 45 54.0833 56.356 38.2753 40.025 64.9384 38.5876 27.7308 27 13.0384 13.3417 12.1655 16.7631 7.61577 0 13.1529 
4.47214 8.06226 25.807 30.2324 63.5295 51.2445 33.7343 37.108 42.72 57.2451 53.535 49.4065 43.4166 45.2769 36.7696 46.2385 49.7293 34 37.2156 66.4831 45.2769 33.9706 28.178 10.8167 14.8661 25 29.8329 18.3576 13.1529 0 
